[
0,
"MatchStartMessage",
5536,
[
    [
        [32652,[]],
        [1863,[]],
        [46763,[]],
        [37673,[]],
        [5536,[]],
        [32282,[]]
    ],
    [
        ["32652","129494"],
        ["1863","198437"],
        ["46763","129494"],
        ["37673","137123"],
        ["5536","203852"],
        ["32282","137123"]
    ],
    1673606761,
    [
        ["32652",
            [
            [3977807,11,451707,32652,1,0,"",1673484494,2,-1,19,-1],
            [3977843,0,453412,32652,1,0,"",1673484494,4,-1,3,-1],
            [3977809,7,451861,32652,1,0,"",1673484494,6,-1,19,-1],
            [3977811,11,453171,32652,1,0,"{\"epos\":\"0\",\"eslot\":\"0\"}",1673484494,3977807,-1,19,-1],
            [3977812,11,453172,32652,1,0,"{\"epos\":\"1\",\"eslot\":\"1\"}",1673484494,3977807,-1,19,-1],
            [3977818,11,453175,32652,1,0,"{\"epos\":\"2\",\"eslot\":\"2\"}",1673484494,3977807,-1,19,-1],
            [3977845,11,453623,32652,1,0,"{\"epos\":\"8\",\"eslot\":\"8\"}",1673484494,3977807,-1,19,-1],
            [3977846,11,453854,32652,1,0,"{\"epos\":\"14\",\"eslot\":\"14\"}",1673484494,3977807,-1,19,-1],
            [3977847,11,453954,32652,1,0,"{\"epos\":\"5\",\"eslot\":\"5\"}",1673484494,3977807,-1,19,-1],
            [3977848,11,453951,32652,1,0,"{\"epos\":\"9\",\"eslot\":\"9\"}",1673484494,3977807,-1,19,-1],
            [3977849,11,454055,32652,1,0,"{\"epos\":\"3\",\"eslot\":\"3\"}",1673484494,3977807,-1,19,-1],
            [3977850,11,454056,32652,1,0,"{\"epos\":\"13\",\"eslot\":\"13\"}",1673484494,3977807,-1,19,-1],
            [3977851,11,454057,32652,1,0,"{\"epos\":\"12\",\"eslot\":\"12\"}",1673484494,3977807,-1,19,-1],
            [3977852,11,454058,32652,1,0,"{\"epos\":\"17\",\"eslot\":\"17\"}",1673484494,3977807,-1,19,-1],
            [3977853,11,454059,32652,1,0,"{\"epos\":\"16\",\"eslot\":\"16\"}",1673484494,3977807,-1,19,-1],
            [3977854,11,454060,32652,1,0,"{\"epos\":\"15\",\"eslot\":\"15\"}",1673484494,3977807,-1,19,-1],
            [3977855,11,454067,32652,1,0,"{\"epos\":\"18\",\"eslot\":\"18\"}",1673484494,3977807,-1,19,-1],
            [3977856,11,454064,32652,1,0,"{\"epos\":\"6\",\"eslot\":\"6\"}",1673484494,3977807,-1,19,-1],
            [3977857,11,454068,32652,1,0,"{\"epos\":\"19\",\"eslot\":\"19\"}",1673484494,3977807,-1,19,-1],
            [3977858,11,454065,32652,1,0,"{\"epos\":\"4\",\"eslot\":\"4\"}",1673484494,3977807,-1,19,-1],
            [3977859,11,454070,32652,1,0,"{\"epos\":\"21\",\"eslot\":\"21\"}",1673484494,3977807,-1,19,-1],
            [3977860,11,454061,32652,1,0,"{\"epos\":\"20\",\"eslot\":\"20\"}",1673484494,3977807,-1,19,-1],
            [3977861,11,454062,32652,1,0,"{\"epos\":\"7\",\"eslot\":\"7\"}",1673484494,3977807,-1,19,-1],
            [3977862,11,454074,32652,1,0,"{\"epos\":\"10\",\"eslot\":\"10\"}",1673484494,3977807,-1,19,-1],
            [3977863,11,454075,32652,1,0,"{\"epos\":\"11\",\"eslot\":\"11\"}",1673484494,3977807,-1,19,-1]
        ]
    ],
    [
    "1863",
    [
        [221801,3,452654,1863,1,0,"",1673462442,2,-1,19,-1],
        [221829,0,453412,1863,1,0,"",1673462442,4,-1,3,-1],
        [221800,1,452655,1863,1,0,"",1673462442,6,-1,19,-1],
        [221809,4,453294,1863,1,0,"{\"epos\":\"0\",\"eslot\":\"0\"}",1673462442,221801,-1,19,-1],
        [221810,4,453390,1863,1,0,"{\"epos\":\"1\",\"eslot\":\"1\"}",1673462442,221801,-1,19,-1],
        [221811,4,453430,1863,1,0,"{\"epos\":\"2\",\"eslot\":\"2\"}",1673462442,221801,-1,19,-1],
        [221871,4,454134,1863,1,0,"{\"epos\":\"4\",\"eslot\":\"4\"}",1673462442,221801,-1,19,-1],
        [221872,4,454129,1863,1,0,"{\"epos\":\"21\",\"eslot\":\"21\"}",1673462442,221801,-1,19,-1],
        [221873,4,454130,1863,1,0,"{\"epos\":\"22\",\"eslot\":\"22\"}",1673462442,221801,-1,19,-1],
        [221874,4,454131,1863,1,0,"{\"epos\":\"23\",\"eslot\":\"23\"}",1673462442,221801,-1,19,-1],
        [221875,4,454135,1863,1,0,"{\"epos\":\"19\",\"eslot\":\"19\"}",1673462442,221801,-1,19,-1],
        [221876,4,454136,1863,1,0,"{\"epos\":\"5\",\"eslot\":\"5\"}",1673462442,221801,-1,19,-1],
        [221877,4,454137,1863,1,0,"{\"epos\":\"20\",\"eslot\":\"20\"}",1673462442,221801,-1,19,-1],
        [221878,4,454133,1863,1,0,"{\"epos\":\"3\",\"eslot\":\"3\"}",1673462442,221801,-1,19,-1],
        [221879,4,454139,1863,1,0,"{\"epos\":\"8\",\"eslot\":\"8\"}",1673462442,221801,-1,19,-1],
        [221880,4,454150,1863,1,0,"{\"epos\":\"9\",\"eslot\":\"9\"}",1673462442,221801,-1,19,-1],
        [221881,4,454149,1863,1,0,"{\"epos\":\"10\",\"eslot\":\"10\"}",1673462442,221801,-1,19,-1],
        [221882,4,454138,1863,1,0,"{\"epos\":\"11\",\"eslot\":\"11\"}",1673462442,221801,-1,19,-1],
        [221883,4,454142,1863,1,0,"{\"epos\":\"12\",\"eslot\":\"12\"}",1673462442,